0 0.2875 0.0164 0.1375 0.0109
0 0.3125 0.0562 0.1688 0.0117
0 0.3500 0.1755 0.2000 0.0133
0 0.3875 0.1069 0.0938 0.0125
0 0.4813 0.1076 0.1062 0.0094
0 0.5188 0.0694 0.1062 0.0086
0 0.3625 0.1201 0.1313 0.0109
0 0.5250 0.1154 0.1062 0.0086
0 0.5000 0.1217 0.1187 0.0101
0 0.7000 0.1997 0.1688 0.0125
0 0.1688 0.2988 0.1187 0.0094
0 0.2625 0.3034 0.0875 0.0055
0 0.1437 0.4181 0.1437 0.0086
0 0.4125 0.6279 0.4375 0.0257
0 0.7688 0.6084 0.1938 0.0242
0 0.4062 0.5858 0.1625 0.0140
0 0.3937 0.6084 0.1750 0.0172
0 0.5250 0.7363 0.1625 0.0179
0 0.3000 0.9064 0.1187 0.0133
0 0.6250 0.9821 0.1688 0.0117
0 0.4062 0.9407 0.1625 0.0101
